# GIMP colorrc
# 
# This file holds a list of recently used colors.

(color-history
    (color-rgba 0.1701196381674934 0.23552987148095048 0.23913043478260865 1)
    (color-rgba 0.55903122264371174 0.79566968193755472 0.80869565217391304 1)
    (color-rgba 0.16101546542165157 0.3751682927138707 0.38695652173913042 1)
    (color-rgba 0.32471549460169247 0.34578399157584921 0.93043478260869561 1)
    (color-rgba 0.050160490224686334 0.077300465611956443 0.83043478260869563 1)
    (color-rgba 0.2627450980392157 0.16862745098039217 0.015686274509803921 1)
    (color-rgba 0.15652173913043477 0.15372045520863722 0.13971403559964984 1)
    (color-rgba 0.89565217391304353 0.88763738935901171 0.84756346658885329 1)
    (color-rgba 0.39565217391304353 0.39166909833673763 0.37175372045520866 1)
    (color-rgba 0.056521739130434789 0.055573387802742916 0.050831631164283637 1)
    (color-rgba 0.61739130434782608 0.61255714424666852 0.58838634374088117 1)
    (color-rgba 0.34509803921568627 0.3411764705882353 0.33333333333333331 1)
    (color-rgba 0.4956521739130435 0.49177122847971994 0.47236650131310182 1)
    (color-rgba 0.34347826086956523 0.34194144538469023 0.33425736796031519 1)
    (color-rgba 0.94509803921568625 0.93725490196078431 0.89803921568627454 1)
    (color-rgba 0.26086956521739135 0.16921886299336467 0.015757222060110893 1)
    (color-rgba 0.88260869565217392 0.59688763146877089 0.11847096585935223 1)
    (color-rgba 0.078260869565217384 0.076945484071503797 0.068806536329150847 1)
    (color-rgba 0.94347826086956521 0.93731137640984008 0.89915377881529024 1)
    (color-rgba 0.69565217391304346 0.19142106798949521 0.19142106798949521 1)
    (color-rgba 1 0.83333333333333348 0.25246571345199886 1)
    (color-rgba 0.030434782608695699 0.0072272617703404108 0.0020426028596440072 1)
    (color-rgba 0 0 0 1)
    (color-rgba 1 1.02 0.25246571345199886 1)
    (color-rgba 1 0.83972291648164832 0.25246571345199886 1)
    (color-rgba 0.89565217391304353 0.83972291648164832 0.25246571345199886 1)
    (color-rgba 0.77436672967863851 0 0.90869565217391302 1)
    (color-rgba 0.90869565217391302 0 0 1)
    (color-rgba 1 1 1 1))

# end of colorrc
